[63,33,89][98,21,10][78,89,51][80,100,98]=>[10,21,33][51,63,78][80,89,89][98,98,100]
[66,18,36][17,80,67][42,5,19][34,22,52]=>[5,17,18][19,22,34][36,42,52][66,67,80]
[7,96,98][10,76,88][31,35,7][8,13,88]=>[7,7,8][10,13,31][35,76,88][88,96,98]
[10,21,33][5,17,18][7,7,8]=>[5,7,7]=>out
[10,21,33][5,17,18][7,7,8]=>[8,_,_]
[10,21,33][5,17,18][10,13,31]=>[8,10,10]=>out
[10,21,33][5,17,18][10,13,31]=>[13,17,18]=>out
[10,21,33][19,22,34][10,13,31]=>[19,21,22]=>out
[10,21,33][19,22,34][10,13,31]=>[31,_,_]
[10,21,33][19,22,34][35,76,88]=>[31,33,_]
[51,63,78][19,22,34][35,76,88]=>[31,33,34]=>out
[51,63,78][36,42,52][35,76,88]=>[35,36,42]=>out
[51,63,78][36,42,52][35,76,88]=>[51,52,_]
[51,63,78][66,67,80][35,76,88]=>[51,52,63]=>out
[51,63,78][66,67,80][35,76,88]=>[66,67,76]=>out
[51,63,78][66,67,80][35,76,88]=>[78,_,_]
[80,89,89][66,67,80][35,76,88]=>[78,80,80]=>out
[80,89,89][66,67,80][35,76,88]=>[88,_,_]
[80,89,89][66,67,80][88,96,98]=>[88,88,89]=>out
[80,89,89][66,67,80][88,96,98]=>[89,_,_]
[98,98,100][66,67,80][88,96,98]=>[89,96,98]=>out
[98,98,100][66,67,80][88,96,98]=>[98,98,100]=>out